{
 "cells": [
  {
   "cell_type": "markdown",
   "id": "f48d4fbe",
   "metadata": {},
   "source": [
    "## Creating a covariance and corelation matirx of stocks returns with python"
   ]
  },
  {
   "cell_type": "code",
   "execution_count": 19,
   "id": "4c6117dd",
   "metadata": {},
   "outputs": [],
   "source": [
    "import matplotlib.pyplot as plt\n",
    "import datetime as dt\n",
    "import seaborn as sns\n",
    "import yfinance as yf\n"
   ]
  },
  {
   "cell_type": "code",
   "execution_count": 20,
   "id": "92a4bb32",
   "metadata": {},
   "outputs": [],
   "source": [
    "end=dt.datetime.now()\n",
    "start=dt.date(end.year-1,end.month,end.day)"
   ]
  },
  {
   "cell_type": "code",
   "execution_count": 21,
   "id": "23f573fa",
   "metadata": {},
   "outputs": [],
   "source": [
    "portfolio=['GOOG','AAPL','MSFT','TSLA','^GSPC','^BSESN']"
   ]
  },
  {
   "cell_type": "code",
   "execution_count": 22,
   "id": "f9db4e9b",
   "metadata": {},
   "outputs": [
    {
     "name": "stdout",
     "output_type": "stream",
     "text": [
      "[*********************100%%**********************]  6 of 6 completed\n"
     ]
    }
   ],
   "source": [
    "df=yf.download(portfolio,start,end)['Adj Close']"
   ]
  },
  {
   "cell_type": "code",
   "execution_count": 23,
   "id": "5679421b",
   "metadata": {},
   "outputs": [
    {
     "data": {
      "text/html": [
       "<div>\n",
       "<style scoped>\n",
       "    .dataframe tbody tr th:only-of-type {\n",
       "        vertical-align: middle;\n",
       "    }\n",
       "\n",
       "    .dataframe tbody tr th {\n",
       "        vertical-align: top;\n",
       "    }\n",
       "\n",
       "    .dataframe thead th {\n",
       "        text-align: right;\n",
       "    }\n",
       "</style>\n",
       "<table border=\"1\" class=\"dataframe\">\n",
       "  <thead>\n",
       "    <tr style=\"text-align: right;\">\n",
       "      <th></th>\n",
       "      <th>AAPL</th>\n",
       "      <th>GOOG</th>\n",
       "      <th>MSFT</th>\n",
       "      <th>TSLA</th>\n",
       "      <th>^BSESN</th>\n",
       "      <th>^GSPC</th>\n",
       "    </tr>\n",
       "    <tr>\n",
       "      <th>Date</th>\n",
       "      <th></th>\n",
       "      <th></th>\n",
       "      <th></th>\n",
       "      <th></th>\n",
       "      <th></th>\n",
       "      <th></th>\n",
       "    </tr>\n",
       "  </thead>\n",
       "  <tbody>\n",
       "    <tr>\n",
       "      <th>2023-04-10</th>\n",
       "      <td>161.169724</td>\n",
       "      <td>106.949997</td>\n",
       "      <td>287.034241</td>\n",
       "      <td>184.509995</td>\n",
       "      <td>59846.511719</td>\n",
       "      <td>4109.109863</td>\n",
       "    </tr>\n",
       "    <tr>\n",
       "      <th>2023-04-11</th>\n",
       "      <td>159.946259</td>\n",
       "      <td>106.120003</td>\n",
       "      <td>280.527618</td>\n",
       "      <td>186.789993</td>\n",
       "      <td>60157.718750</td>\n",
       "      <td>4108.939941</td>\n",
       "    </tr>\n",
       "    <tr>\n",
       "      <th>2023-04-12</th>\n",
       "      <td>159.249969</td>\n",
       "      <td>105.220001</td>\n",
       "      <td>281.182251</td>\n",
       "      <td>180.539993</td>\n",
       "      <td>60392.769531</td>\n",
       "      <td>4091.949951</td>\n",
       "    </tr>\n",
       "    <tr>\n",
       "      <th>2023-04-13</th>\n",
       "      <td>164.680969</td>\n",
       "      <td>108.190002</td>\n",
       "      <td>287.480560</td>\n",
       "      <td>185.899994</td>\n",
       "      <td>60431.000000</td>\n",
       "      <td>4146.220215</td>\n",
       "    </tr>\n",
       "    <tr>\n",
       "      <th>2023-04-14</th>\n",
       "      <td>164.332840</td>\n",
       "      <td>109.459999</td>\n",
       "      <td>283.810699</td>\n",
       "      <td>185.000000</td>\n",
       "      <td>NaN</td>\n",
       "      <td>4137.640137</td>\n",
       "    </tr>\n",
       "    <tr>\n",
       "      <th>...</th>\n",
       "      <td>...</td>\n",
       "      <td>...</td>\n",
       "      <td>...</td>\n",
       "      <td>...</td>\n",
       "      <td>...</td>\n",
       "      <td>...</td>\n",
       "    </tr>\n",
       "    <tr>\n",
       "      <th>2024-04-01</th>\n",
       "      <td>170.029999</td>\n",
       "      <td>156.500000</td>\n",
       "      <td>424.570007</td>\n",
       "      <td>175.220001</td>\n",
       "      <td>74014.546875</td>\n",
       "      <td>5243.770020</td>\n",
       "    </tr>\n",
       "    <tr>\n",
       "      <th>2024-04-02</th>\n",
       "      <td>168.839996</td>\n",
       "      <td>155.869995</td>\n",
       "      <td>421.440002</td>\n",
       "      <td>166.630005</td>\n",
       "      <td>73903.906250</td>\n",
       "      <td>5205.810059</td>\n",
       "    </tr>\n",
       "    <tr>\n",
       "      <th>2024-04-03</th>\n",
       "      <td>169.649994</td>\n",
       "      <td>156.369995</td>\n",
       "      <td>420.450012</td>\n",
       "      <td>168.380005</td>\n",
       "      <td>73876.820312</td>\n",
       "      <td>5211.490234</td>\n",
       "    </tr>\n",
       "    <tr>\n",
       "      <th>2024-04-04</th>\n",
       "      <td>168.820007</td>\n",
       "      <td>151.940002</td>\n",
       "      <td>417.880005</td>\n",
       "      <td>171.110001</td>\n",
       "      <td>74227.632812</td>\n",
       "      <td>5147.209961</td>\n",
       "    </tr>\n",
       "    <tr>\n",
       "      <th>2024-04-05</th>\n",
       "      <td>169.580002</td>\n",
       "      <td>153.940002</td>\n",
       "      <td>425.519989</td>\n",
       "      <td>164.899994</td>\n",
       "      <td>74248.218750</td>\n",
       "      <td>5204.339844</td>\n",
       "    </tr>\n",
       "  </tbody>\n",
       "</table>\n",
       "<p>257 rows × 6 columns</p>\n",
       "</div>"
      ],
      "text/plain": [
       "                  AAPL        GOOG        MSFT        TSLA        ^BSESN  \\\n",
       "Date                                                                       \n",
       "2023-04-10  161.169724  106.949997  287.034241  184.509995  59846.511719   \n",
       "2023-04-11  159.946259  106.120003  280.527618  186.789993  60157.718750   \n",
       "2023-04-12  159.249969  105.220001  281.182251  180.539993  60392.769531   \n",
       "2023-04-13  164.680969  108.190002  287.480560  185.899994  60431.000000   \n",
       "2023-04-14  164.332840  109.459999  283.810699  185.000000           NaN   \n",
       "...                ...         ...         ...         ...           ...   \n",
       "2024-04-01  170.029999  156.500000  424.570007  175.220001  74014.546875   \n",
       "2024-04-02  168.839996  155.869995  421.440002  166.630005  73903.906250   \n",
       "2024-04-03  169.649994  156.369995  420.450012  168.380005  73876.820312   \n",
       "2024-04-04  168.820007  151.940002  417.880005  171.110001  74227.632812   \n",
       "2024-04-05  169.580002  153.940002  425.519989  164.899994  74248.218750   \n",
       "\n",
       "                  ^GSPC  \n",
       "Date                     \n",
       "2023-04-10  4109.109863  \n",
       "2023-04-11  4108.939941  \n",
       "2023-04-12  4091.949951  \n",
       "2023-04-13  4146.220215  \n",
       "2023-04-14  4137.640137  \n",
       "...                 ...  \n",
       "2024-04-01  5243.770020  \n",
       "2024-04-02  5205.810059  \n",
       "2024-04-03  5211.490234  \n",
       "2024-04-04  5147.209961  \n",
       "2024-04-05  5204.339844  \n",
       "\n",
       "[257 rows x 6 columns]"
      ]
     },
     "execution_count": 23,
     "metadata": {},
     "output_type": "execute_result"
    }
   ],
   "source": [
    "df"
   ]
  },
  {
   "cell_type": "code",
   "execution_count": 24,
   "id": "f80da34b",
   "metadata": {},
   "outputs": [],
   "source": [
    "returns=df.pct_change()"
   ]
  },
  {
   "cell_type": "code",
   "execution_count": 25,
   "id": "dbada86d",
   "metadata": {},
   "outputs": [
    {
     "data": {
      "text/html": [
       "<div>\n",
       "<style scoped>\n",
       "    .dataframe tbody tr th:only-of-type {\n",
       "        vertical-align: middle;\n",
       "    }\n",
       "\n",
       "    .dataframe tbody tr th {\n",
       "        vertical-align: top;\n",
       "    }\n",
       "\n",
       "    .dataframe thead th {\n",
       "        text-align: right;\n",
       "    }\n",
       "</style>\n",
       "<table border=\"1\" class=\"dataframe\">\n",
       "  <thead>\n",
       "    <tr style=\"text-align: right;\">\n",
       "      <th></th>\n",
       "      <th>AAPL</th>\n",
       "      <th>GOOG</th>\n",
       "      <th>MSFT</th>\n",
       "      <th>TSLA</th>\n",
       "      <th>^BSESN</th>\n",
       "      <th>^GSPC</th>\n",
       "    </tr>\n",
       "    <tr>\n",
       "      <th>Date</th>\n",
       "      <th></th>\n",
       "      <th></th>\n",
       "      <th></th>\n",
       "      <th></th>\n",
       "      <th></th>\n",
       "      <th></th>\n",
       "    </tr>\n",
       "  </thead>\n",
       "  <tbody>\n",
       "    <tr>\n",
       "      <th>2023-04-10</th>\n",
       "      <td>NaN</td>\n",
       "      <td>NaN</td>\n",
       "      <td>NaN</td>\n",
       "      <td>NaN</td>\n",
       "      <td>NaN</td>\n",
       "      <td>NaN</td>\n",
       "    </tr>\n",
       "    <tr>\n",
       "      <th>2023-04-11</th>\n",
       "      <td>-0.007591</td>\n",
       "      <td>-0.007761</td>\n",
       "      <td>-0.022668</td>\n",
       "      <td>0.012357</td>\n",
       "      <td>0.005200</td>\n",
       "      <td>-0.000041</td>\n",
       "    </tr>\n",
       "    <tr>\n",
       "      <th>2023-04-12</th>\n",
       "      <td>-0.004353</td>\n",
       "      <td>-0.008481</td>\n",
       "      <td>0.002334</td>\n",
       "      <td>-0.033460</td>\n",
       "      <td>0.003907</td>\n",
       "      <td>-0.004135</td>\n",
       "    </tr>\n",
       "    <tr>\n",
       "      <th>2023-04-13</th>\n",
       "      <td>0.034104</td>\n",
       "      <td>0.028227</td>\n",
       "      <td>0.022399</td>\n",
       "      <td>0.029689</td>\n",
       "      <td>0.000633</td>\n",
       "      <td>0.013263</td>\n",
       "    </tr>\n",
       "    <tr>\n",
       "      <th>2023-04-14</th>\n",
       "      <td>-0.002114</td>\n",
       "      <td>0.011739</td>\n",
       "      <td>-0.012766</td>\n",
       "      <td>-0.004841</td>\n",
       "      <td>0.000000</td>\n",
       "      <td>-0.002069</td>\n",
       "    </tr>\n",
       "    <tr>\n",
       "      <th>...</th>\n",
       "      <td>...</td>\n",
       "      <td>...</td>\n",
       "      <td>...</td>\n",
       "      <td>...</td>\n",
       "      <td>...</td>\n",
       "      <td>...</td>\n",
       "    </tr>\n",
       "    <tr>\n",
       "      <th>2024-04-01</th>\n",
       "      <td>-0.008456</td>\n",
       "      <td>0.027847</td>\n",
       "      <td>0.009151</td>\n",
       "      <td>-0.003242</td>\n",
       "      <td>0.004931</td>\n",
       "      <td>-0.002014</td>\n",
       "    </tr>\n",
       "    <tr>\n",
       "      <th>2024-04-02</th>\n",
       "      <td>-0.006999</td>\n",
       "      <td>-0.004026</td>\n",
       "      <td>-0.007372</td>\n",
       "      <td>-0.049024</td>\n",
       "      <td>-0.001495</td>\n",
       "      <td>-0.007239</td>\n",
       "    </tr>\n",
       "    <tr>\n",
       "      <th>2024-04-03</th>\n",
       "      <td>0.004797</td>\n",
       "      <td>0.003208</td>\n",
       "      <td>-0.002349</td>\n",
       "      <td>0.010502</td>\n",
       "      <td>-0.000367</td>\n",
       "      <td>0.001091</td>\n",
       "    </tr>\n",
       "    <tr>\n",
       "      <th>2024-04-04</th>\n",
       "      <td>-0.004892</td>\n",
       "      <td>-0.028330</td>\n",
       "      <td>-0.006113</td>\n",
       "      <td>0.016213</td>\n",
       "      <td>0.004749</td>\n",
       "      <td>-0.012334</td>\n",
       "    </tr>\n",
       "    <tr>\n",
       "      <th>2024-04-05</th>\n",
       "      <td>0.004502</td>\n",
       "      <td>0.013163</td>\n",
       "      <td>0.018283</td>\n",
       "      <td>-0.036292</td>\n",
       "      <td>0.000277</td>\n",
       "      <td>0.011099</td>\n",
       "    </tr>\n",
       "  </tbody>\n",
       "</table>\n",
       "<p>257 rows × 6 columns</p>\n",
       "</div>"
      ],
      "text/plain": [
       "                AAPL      GOOG      MSFT      TSLA    ^BSESN     ^GSPC\n",
       "Date                                                                  \n",
       "2023-04-10       NaN       NaN       NaN       NaN       NaN       NaN\n",
       "2023-04-11 -0.007591 -0.007761 -0.022668  0.012357  0.005200 -0.000041\n",
       "2023-04-12 -0.004353 -0.008481  0.002334 -0.033460  0.003907 -0.004135\n",
       "2023-04-13  0.034104  0.028227  0.022399  0.029689  0.000633  0.013263\n",
       "2023-04-14 -0.002114  0.011739 -0.012766 -0.004841  0.000000 -0.002069\n",
       "...              ...       ...       ...       ...       ...       ...\n",
       "2024-04-01 -0.008456  0.027847  0.009151 -0.003242  0.004931 -0.002014\n",
       "2024-04-02 -0.006999 -0.004026 -0.007372 -0.049024 -0.001495 -0.007239\n",
       "2024-04-03  0.004797  0.003208 -0.002349  0.010502 -0.000367  0.001091\n",
       "2024-04-04 -0.004892 -0.028330 -0.006113  0.016213  0.004749 -0.012334\n",
       "2024-04-05  0.004502  0.013163  0.018283 -0.036292  0.000277  0.011099\n",
       "\n",
       "[257 rows x 6 columns]"
      ]
     },
     "execution_count": 25,
     "metadata": {},
     "output_type": "execute_result"
    }
   ],
   "source": [
    "returns"
   ]
  },
  {
   "cell_type": "code",
   "execution_count": 26,
   "id": "cc4fd6aa",
   "metadata": {},
   "outputs": [
    {
     "data": {
      "text/html": [
       "<div>\n",
       "<style scoped>\n",
       "    .dataframe tbody tr th:only-of-type {\n",
       "        vertical-align: middle;\n",
       "    }\n",
       "\n",
       "    .dataframe tbody tr th {\n",
       "        vertical-align: top;\n",
       "    }\n",
       "\n",
       "    .dataframe thead th {\n",
       "        text-align: right;\n",
       "    }\n",
       "</style>\n",
       "<table border=\"1\" class=\"dataframe\">\n",
       "  <thead>\n",
       "    <tr style=\"text-align: right;\">\n",
       "      <th></th>\n",
       "      <th>AAPL</th>\n",
       "      <th>GOOG</th>\n",
       "      <th>MSFT</th>\n",
       "      <th>TSLA</th>\n",
       "      <th>^BSESN</th>\n",
       "      <th>^GSPC</th>\n",
       "    </tr>\n",
       "  </thead>\n",
       "  <tbody>\n",
       "    <tr>\n",
       "      <th>AAPL</th>\n",
       "      <td>0.000143</td>\n",
       "      <td>0.000094</td>\n",
       "      <td>0.000080</td>\n",
       "      <td>0.000129</td>\n",
       "      <td>0.000002</td>\n",
       "      <td>0.000055</td>\n",
       "    </tr>\n",
       "    <tr>\n",
       "      <th>GOOG</th>\n",
       "      <td>0.000094</td>\n",
       "      <td>0.000287</td>\n",
       "      <td>0.000099</td>\n",
       "      <td>0.000129</td>\n",
       "      <td>0.000006</td>\n",
       "      <td>0.000067</td>\n",
       "    </tr>\n",
       "    <tr>\n",
       "      <th>MSFT</th>\n",
       "      <td>0.000080</td>\n",
       "      <td>0.000099</td>\n",
       "      <td>0.000189</td>\n",
       "      <td>0.000104</td>\n",
       "      <td>0.000008</td>\n",
       "      <td>0.000062</td>\n",
       "    </tr>\n",
       "    <tr>\n",
       "      <th>TSLA</th>\n",
       "      <td>0.000129</td>\n",
       "      <td>0.000129</td>\n",
       "      <td>0.000104</td>\n",
       "      <td>0.000876</td>\n",
       "      <td>0.000028</td>\n",
       "      <td>0.000104</td>\n",
       "    </tr>\n",
       "    <tr>\n",
       "      <th>^BSESN</th>\n",
       "      <td>0.000002</td>\n",
       "      <td>0.000006</td>\n",
       "      <td>0.000008</td>\n",
       "      <td>0.000028</td>\n",
       "      <td>0.000037</td>\n",
       "      <td>0.000008</td>\n",
       "    </tr>\n",
       "    <tr>\n",
       "      <th>^GSPC</th>\n",
       "      <td>0.000055</td>\n",
       "      <td>0.000067</td>\n",
       "      <td>0.000062</td>\n",
       "      <td>0.000104</td>\n",
       "      <td>0.000008</td>\n",
       "      <td>0.000052</td>\n",
       "    </tr>\n",
       "  </tbody>\n",
       "</table>\n",
       "</div>"
      ],
      "text/plain": [
       "            AAPL      GOOG      MSFT      TSLA    ^BSESN     ^GSPC\n",
       "AAPL    0.000143  0.000094  0.000080  0.000129  0.000002  0.000055\n",
       "GOOG    0.000094  0.000287  0.000099  0.000129  0.000006  0.000067\n",
       "MSFT    0.000080  0.000099  0.000189  0.000104  0.000008  0.000062\n",
       "TSLA    0.000129  0.000129  0.000104  0.000876  0.000028  0.000104\n",
       "^BSESN  0.000002  0.000006  0.000008  0.000028  0.000037  0.000008\n",
       "^GSPC   0.000055  0.000067  0.000062  0.000104  0.000008  0.000052"
      ]
     },
     "execution_count": 26,
     "metadata": {},
     "output_type": "execute_result"
    }
   ],
   "source": [
    "returns.cov()"
   ]
  },
  {
   "cell_type": "code",
   "execution_count": 27,
   "id": "f57126e6",
   "metadata": {},
   "outputs": [
    {
     "data": {
      "text/plain": [
       "AAPL      0.000143\n",
       "GOOG      0.000287\n",
       "MSFT      0.000189\n",
       "TSLA      0.000876\n",
       "^BSESN    0.000037\n",
       "^GSPC     0.000052\n",
       "dtype: float64"
      ]
     },
     "execution_count": 27,
     "metadata": {},
     "output_type": "execute_result"
    }
   ],
   "source": [
    "returns.var()"
   ]
  },
  {
   "cell_type": "code",
   "execution_count": 28,
   "id": "d3c04da4",
   "metadata": {},
   "outputs": [
    {
     "data": {
      "text/html": [
       "<div>\n",
       "<style scoped>\n",
       "    .dataframe tbody tr th:only-of-type {\n",
       "        vertical-align: middle;\n",
       "    }\n",
       "\n",
       "    .dataframe tbody tr th {\n",
       "        vertical-align: top;\n",
       "    }\n",
       "\n",
       "    .dataframe thead th {\n",
       "        text-align: right;\n",
       "    }\n",
       "</style>\n",
       "<table border=\"1\" class=\"dataframe\">\n",
       "  <thead>\n",
       "    <tr style=\"text-align: right;\">\n",
       "      <th></th>\n",
       "      <th>AAPL</th>\n",
       "      <th>GOOG</th>\n",
       "      <th>MSFT</th>\n",
       "      <th>TSLA</th>\n",
       "      <th>^BSESN</th>\n",
       "      <th>^GSPC</th>\n",
       "    </tr>\n",
       "  </thead>\n",
       "  <tbody>\n",
       "    <tr>\n",
       "      <th>AAPL</th>\n",
       "      <td>1.000000</td>\n",
       "      <td>0.465183</td>\n",
       "      <td>0.487075</td>\n",
       "      <td>0.363991</td>\n",
       "      <td>0.032897</td>\n",
       "      <td>0.631437</td>\n",
       "    </tr>\n",
       "    <tr>\n",
       "      <th>GOOG</th>\n",
       "      <td>0.465183</td>\n",
       "      <td>1.000000</td>\n",
       "      <td>0.424312</td>\n",
       "      <td>0.257641</td>\n",
       "      <td>0.053554</td>\n",
       "      <td>0.545796</td>\n",
       "    </tr>\n",
       "    <tr>\n",
       "      <th>MSFT</th>\n",
       "      <td>0.487075</td>\n",
       "      <td>0.424312</td>\n",
       "      <td>1.000000</td>\n",
       "      <td>0.254693</td>\n",
       "      <td>0.092574</td>\n",
       "      <td>0.621463</td>\n",
       "    </tr>\n",
       "    <tr>\n",
       "      <th>TSLA</th>\n",
       "      <td>0.363991</td>\n",
       "      <td>0.257641</td>\n",
       "      <td>0.254693</td>\n",
       "      <td>1.000000</td>\n",
       "      <td>0.154096</td>\n",
       "      <td>0.488239</td>\n",
       "    </tr>\n",
       "    <tr>\n",
       "      <th>^BSESN</th>\n",
       "      <td>0.032897</td>\n",
       "      <td>0.053554</td>\n",
       "      <td>0.092574</td>\n",
       "      <td>0.154096</td>\n",
       "      <td>1.000000</td>\n",
       "      <td>0.176754</td>\n",
       "    </tr>\n",
       "    <tr>\n",
       "      <th>^GSPC</th>\n",
       "      <td>0.631437</td>\n",
       "      <td>0.545796</td>\n",
       "      <td>0.621463</td>\n",
       "      <td>0.488239</td>\n",
       "      <td>0.176754</td>\n",
       "      <td>1.000000</td>\n",
       "    </tr>\n",
       "  </tbody>\n",
       "</table>\n",
       "</div>"
      ],
      "text/plain": [
       "            AAPL      GOOG      MSFT      TSLA    ^BSESN     ^GSPC\n",
       "AAPL    1.000000  0.465183  0.487075  0.363991  0.032897  0.631437\n",
       "GOOG    0.465183  1.000000  0.424312  0.257641  0.053554  0.545796\n",
       "MSFT    0.487075  0.424312  1.000000  0.254693  0.092574  0.621463\n",
       "TSLA    0.363991  0.257641  0.254693  1.000000  0.154096  0.488239\n",
       "^BSESN  0.032897  0.053554  0.092574  0.154096  1.000000  0.176754\n",
       "^GSPC   0.631437  0.545796  0.621463  0.488239  0.176754  1.000000"
      ]
     },
     "execution_count": 28,
     "metadata": {},
     "output_type": "execute_result"
    }
   ],
   "source": [
    "returns.corr()"
   ]
  },
  {
   "cell_type": "code",
   "execution_count": 29,
   "id": "e50346a3",
   "metadata": {},
   "outputs": [
    {
     "data": {
      "text/plain": [
       "<Axes: >"
      ]
     },
     "execution_count": 29,
     "metadata": {},
     "output_type": "execute_result"
    },
    {
     "data": {
